0000000001111111111111111100000000 0000000001111111111111111100000000 0000000000000000000000000000000000 0000000000000000000000000000000000 0000000000000000000000000000000000 0000000000000000000000000000000000
0000000012222222222222222210000000 0000000012222222222222222210000000 0000000001111111111111111100000000 0000000001111111111111111100000000 0000000001111111111111111100000000 0000000001111111111111111100000000
0000000122233333333333332221000000 0000000122233333333333332221000000 0000000012222222222222222210000000 0000000012222222222222222210000000 0000000012222222222222222210000000 0000000012222222222222222210000000
0000000122333333433433333221000000 0000000122333333433433333221000000 0000000122233333333333332221000000 0000000122233333333333332221000000 0000000122233333333333332221000000 0000000122233333333333332221000000
0000000123343333333333333321000000 0000000123343333333333333321000000 0000000122333333433433333221000000 0000000122333333433433333221000000 0000000122333333433433333221000000 0000000122333333433433333221000000
0000000123333333333113343321011000 0000000123333333333311343321001100 0000000123343333333333333321000000 0000000123343333333333333321000000 0000000123343333333333333321000000 0000000123343333333113333321011000
0000000123333333331551333321155100 0000000123333333333155133321015510 0000000123333333333311343321001100 0000000123333333333311343321001100 0000000123333333333113343321011000 0000000123333333331551343321155100
0111100123333334331555133321555100 0000000123333334333155513321155510 0000000123333333333155133321015510 0000000123333333333155133321015510 0000000123333333331551333321155100 0000000123333333331555133321555100
0155110123333333331555511115555100 0011000123333333333155551111555510 0000000123333334333155513321155510 0000000123333334333155513321155510 0000000123333334331555133321555100 0011000123333334331555511115555100
0115511123334333331555555555555100 0155100123334333333155555555555510 0000000123333333333155551111555510 0000000123333333333155551111555510 0111100123333333331555511115555100 0155100123333333331555555555555100
0011551123333333415555555555555510 0155111123333333431555555555555551 0000000123334333333155555555555510 0000000123334333333155555555555510 1555111123334333331555555555555100 0155111123334333315555555555555510
0001155123433333315556155555615510 0015555123433333331555615555561551 0000001123333333431555555555555551 0000011123333333431555555555555551 1155551123333333415555555555555510 0015555123333333415556155555615510
0000111123333333315551155515115510 0001155123333333331555115551511551 0001111123433333331555615555561551 0001155123433333331555615555561551 0011115123433333315556155555615510 0001155123433333315551155515115510
0000001123333343315775555555557710 0000011123333343331577555555555771 0115555123333333331555115551511551 0015555123333333331555115551511551 0000011123333333315551155515115510 0000011123333333315775555555557710
0000000122343333315775155155157710 0000000122343333331577515515515771 0155511123333343331577555555555771 0155111123333343331577555555555771 0000000123333343315775555555557710 0000000123333343315775155155157710
0000000122233333331555111111155100 0000000122233333333155511111115510 0011110122343333331577515515515771 0155100122343333331577515515515771 0000000122343333315775155155157710 0000000122343333331555111111155100
0000001112222222222155555555551000 0000000112222222222215555555555100 0000000122233333333155511111115510 0011000122233333333155511111115510 0000001122233333331555111111155100 0000001122233333333155555555551000
0000015551111111111111111111110000 0000001551111111111111111111111000 0000000112222222222215555555555100 0000000112222222222215555555555100 0000011112222222222155555555551000 0000015112222222222211111111110000
0000015511015510000015510155100000 0000001551015510000001551015510000 0000000151111111111111111111111000 0000001551111111111111111111111000 0000155511111111111111111111110000 0000155511111111111111111151000000
0000011110011100000001110011000000 0000001110001110000000111001110000 0000000155101551000000155101551000 0000001551015510000001551015510000 0000155101551000000155101551000000 0000155101551000000155101551000000
0000000000000000000000000000000000 0000000000000000000000000000000000 0000000111000111000000011100111000 0000001110001110000000111001110000 0000111000111000000011100111000000 0000111001110000000111000111000000